2000 	1.391014213803  2019
2001	1.356216203503  2019
2002	1.328351118158  2019
2003	1.298360903317  2019
2004	1.272644499559  2019
2005 	1.243306182739  2019
2006 	1.215715879688  2019
2007	1.192730533046  2019
2008 	1.156808108678  2019
2009 	1.137964290138  2019
2010 	1.127609073978  2019
2011 	1.103111420293  2019
2012 	1.073531287324  2019
2013	1.050243099777  2019
2014	1.041416644511  2019
2015 	1.043190956293  2019
2016 	1.040583761061  2019
2017 	1.029265238988  2019
2018 	1.015607314069  2019