2000 	1.391014213803  2020
2001	1.356216203503  2020
2002	1.328351118158  2020
2003	1.298360903317  2020
2004	1.272644499559  2020
2005 	1.243306182739  2020
2006 	1.215715879688  2020
2007	1.192730533046  2020
2008 	1.156808108678  2020
2009 	1.137964290138  2020
2010 	1.127609073978  2020
2011 	1.103111420293  2020
2012 	1.073531287324  2020
2013	1.050243099777  2020
2014	1.041416644511  2020
2015 	1.043190956293  2020
2016 	1.040583761061  2020
2017 	1.029265238988  2020
2018 	1.015607314069  2020
2019 	1.002897578360  2020
2020 	1.000000000000  2020
